0 0.194948 0.129965 15.7345
1000 0.172918 0.86803 0.637827
2000 0.194962 0.846377 1.46286
3000 0.0655909 0.205022 3.90047
4000 0.210449 0.252394 3.0284
5000 0.089955 0.277719 2.88753
6000 0.418148 0.157607 4.88951
7000 0.168022 0.257933 5.67809
8000 0.108312 0.241899 5.20564
9000 0.180948 0.372504 4.73702
10000 0.165235 0.264451 3.60391
11000 0.882567 0.149352 7.71028
12000 0.239925 0.237193 11.0492
13000 0.23827 0.207791 6.08276
14000 0.137831 0.174304 7.93961
15000 0.290226 0.3806 7.07006
16000 0.118466 0.567889 3.71362
17000 0.196016 0.220647 5.4417
18000 0.161368 0.0746445 6.49815
19000 0.238336 0.113087 6.20979
20000 0.194959 0.0879936 7.98899
21000 0.221057 0.21031 4.96225
22000 0.1301 0.178125 6.22593
23000 0.216836 0.188684 7.20332
24000 0.243491 0.306908 5.78423
25000 0.195147 0.282903 4.48177
26000 0.108328 0.258991 4.6403
27000 0.260931 0.19673 6.54591
28000 0.129965 0.182689 4.93846
29000 0.194948 0.109011 8.96377
30000 0.108745 0.0654805 9.77001
31000 0.130009 0.151968 9.39464
32000 0.173292 0.129731 5.89413
33000 0.195393 0.195295 9.58916
34000 0.25993 0.120828 5.87169
35000 0.078106 0.153749 6.2388
36000 0.0866966 0.216619 8.56161
37000 0.108462 0.174682 7.93615
38000 0.216617 0.26672 6.76031
39000 0.0867257 0.0875698 8.84653
40000 0.174644 0.221887 6.167
41000 0.23827 0.259935 11.4117
42000 0.240975 0.195659 6.79244
43000 0.173287 0.0871867 8.02718
44000 0.176729 0.152123 7.92464
45000 0.173287 0.195123 6.85213
46000 0.241272 0.282095 9.46494
47000 0.108305 0.130993 9.39154
48000 0.490097 0.0866703 13.1223
49000 0.238269 0.19555 7.27646
50000 0.151626 0.108984 7.1799
51000 0.173287 0.199018 4.50374
52000 0.0650013 0.179276 6.89815
53000 0.1752 0.173578 11.6917
54000 0.219202 0.121619 10.1806
55000 0.151626 0.108435 9.31722
56000 0.108317 0.175557 6.23609
57000 0.14025 0.147386 7.37478
58000 0.174003 0.238601 6.49576
59000 0.173289 0.198438 5.51009
60000 0.108977 0.13431 7.00368
61000 0.312651 0.217566 8.03172
62000 0.0866666 0.220015 6.06595
63000 0.498874 0.196011 7.23014
64000 0.291321 0.152871 7.796
65000 0.138333 0.207073 6.19602
66000 0.0453005 0.142722 7.99007
67000 0.349053 0.0987122 7.27139
68000 0.194966 0.198517 6.90709
69000 0.238299 0.178793 6.72645
70000 0.173287 0.351309 4.85553
71000 0.133513 0.133054 7.19763
72000 0.147116 0.135976 7.6203
73000 0.26757 0.189221 7.30005
74000 0.151688 0.0962403 7.73451
75000 0.718168 0.195104 8.86494
76000 0.151642 0.197951 5.66588
77000 0.118423 0.142745 9.84401
78000 0.0866437 0.111753 9.23793
79000 0.195047 0.24334 6.88591
80000 0.249223 0.110347 11.8627
81000 0.293062 0.174387 9.77333
82000 0.129965 0.173362 10.057
83000 0.108304 0.162573 6.57081
84000 0.152393 0.173402 11.3995
85000 0.145351 0.199533 7.29236
86000 0.108304 0.238274 9.09539
87000 0.199615 0.149622 9.33915
88000 0.216608 0.262571 7.75332
89000 0.183261 0.282655 6.61418
90000 0.151635 0.167282 9.58648
91000 0.194949 0.174761 8.70367
92000 0.151626 0.195033 9.40756
93000 0.341456 0.138873 9.75696
94000 0.220378 0.174295 9.66439
95000 0.129966 0.23857 9.46276
96000 0.194948 0.140168 8.68757
97000 0.357248 0.195213 9.64434
98000 0.195092 0.195499 8.92029
99000 0.194948 0.195024 10.4304
100000 0.108304 0.151745 11.1279
101000 0.194955 0.284729 8.42814
102000 0.198423 0.151739 11.5448
103000 0.17358 0.19602 10.6669
104000 0.233092 0.173292 13.5962
105000 0.173692 0.162082 8.90935
106000 0.151634 0.173348 11.5466
107000 0.194948 0.108305 16.2037
108000 0.194969 0.134562 10.1799
109000 0.321992 0.108313 14.8982
110000 0.132387 0.17632 7.87306
111000 0.194948 0.199454 8.59481
112000 0.173287 0.151627 13.6303
113000 0.274858 0.173289 15.3112
114000 0.129965 0.151627 14.1349
115000 0.129987 0.155677 12.3077
116000 0.259933 0.195009 11.5747
117000 0.0866461 0.18569 9.29258
118000 0.154553 0.0881914 10.3251
119000 0.324085 0.108438 15.1416
120000 0.238269 0.19521 10.6228
121000 0.0906662 0.262483 7.15651
122000 0.194948 0.303253 11.6921
123000 0.151626 0.130855 12.8843
124000 0.173287 0.222117 8.41831
125000 0.216636 0.194957 12.7207
126000 0.194977 0.157321 10.747
127000 0.259932 0.19495 14.857
128000 0.197365 0.152259 18.3281
129000 0.194948 0.194961 14.8563
130000 0.0866434 0.151627 13.6967
131000 0.173287 0.129966 14.5951
132000 0.194948 0.194963 11.9709
133000 0.173287 0.194948 16.5887
134000 0.108305 0.309407 8.23871
135000 0.197445 0.10886 10.9056
136000 0.195738 0.216678 10.3565
137000 0.219426 0.108918 13.2551
138000 0.108304 0.0491308 15.4814
139000 0.129966 0.130107 14.7777
140000 0.216608 0.173841 13.6588
141000 0.195128 0.173612 12.1101
142000 0.305845 0.195121 14.2681
143000 0.153596 0.151651 16.4459
144000 0.216608 0.0869511 12.9321
145000 0.281831 0.238273 16.1672
146000 0.0866434 0.281705 11.6006
147000 0.266185 0.284358 9.70727
148000 0.238273 0.195135 12.2689
149000 0.151626 0.176853 15.6997
150000 0.216608 0.19495 14.8116
151000 0.25993 0.173719 16.2118
152000 0.196559 0.129965 18.9689
153000 0.216609 0.239006 10.5162
154000 0.194948 0.0433872 17.1114
155000 0.129965 0.283393 6.50476
156000 0.151628 0.156473 12.6859
157000 0.0866434 0.130038 15.8185
158000 0.129965 0.151628 19.1
159000 0.297902 0.324914 10.662
160000 0.108304 0.259942 11.4449
161000 0.30344 0.187006 11.1877
162000 0.216753 0.177224 13.9324
163000 0.238269 0.129969 18.1243
164000 0.474361 0.173504 11.8552
165000 0.151626 0.195028 9.80313
166000 0.216609 0.0449654 13.5583
167000 0.216608 0.130186 14.3232
168000 0.216609 0.108591 13.4224
169000 0.173287 0.196943 10.5471
170000 0.0866452 0.216744 13.4847
171000 0.248124 0.259972 10.8396
172000 0.194948 0.129977 12.8534
173000 0.109909 0.173365 12.48
174000 0.108306 0.195331 11.6069
175000 0.151626 0.198604 10.8414
176000 0.465395 0.348801 4.99031
177000 0.396864 0.182761 5.92889
178000 0.242932 0.398042 3.50702
179000 0.519235 0.441832 1.91782
180000 0.423967 0.557408 2.64904
181000 0.719028 0.514054 1.73871
182000 0.352548 0.311523 2.91248
183000 0.244076 0.470532 1.56774
184000 0.429078 0.548785 2.79391
185000 0.385213 0.583767 1.6686
186000 0.574633 0.332477 2.43007
187000 0.287408 0.380391 2.33337
188000 0.364425 0.493418 2.23376
189000 0.853325 0.719727 1.72631
190000 0.56874 0.37488 2.24979
191000 0.670169 0.506463 1.73104
192000 0.505398 0.971756 1.35651
193000 0.405221 0.526975 1.67863
194000 0.498374 0.688767 1.56997
195000 0.401888 0.767652 1.57982
196000 0.731616 0.604755 1.78925
197000 0.383562 0.848191 1.17535
198000 0.738078 0.659283 1.41785
199000 0.530712 0.407976 2.33489
200000 0.35573 0.890371 1.89605
201000 0.701456 0.408442 2.18224
202000 0.545522 0.563455 1.85732
203000 0.48414 0.670215 1.6133
204000 0.977701 0.658864 1.76909
205000 0.414488 0.689287 1.30674
206000 0.640069 0.534324 1.74189
207000 0.751022 0.657737 1.44342
208000 0.814587 0.666801 1.58569
209000 0.763059 0.66478 1.20411
210000 0.521471 0.702404 1.3295
211000 0.790017 0.569501 2.1155
212000 0.676337 0.865155 1.4151
213000 0.932402 0.93622 1.26542
214000 0.48771 0.607886 1.67747
215000 0.727001 0.555805 1.75903
216000 0.576962 0.75031 1.24773
217000 0.59756 0.821492 1.14513
218000 0.597935 0.533162 1.6049
219000 0.671807 0.500924 1.62088
220000 1.0188 0.529001 1.49214
221000 0.760535 0.551148 1.63108
222000 1.08039 0.839103 1.48712
223000 0.971237 0.441726 1.66835
224000 0.583891 0.510964 1.45691
225000 0.832246 0.529199 1.59256
226000 0.715666 0.453962 1.80397
227000 0.544438 0.704408 1.14711
228000 0.611185 0.620266 1.33016
229000 0.666295 0.542073 1.4408
230000 0.576489 0.587681 1.74633
231000 0.647903 0.692989 1.21219
232000 0.572219 0.559151 1.49779
233000 0.65695 0.63614 1.45974
234000 0.735803 0.60304 1.18133
235000 0.47739 0.578893 1.37032
236000 0.851721 0.65505 1.40281
237000 0.939045 0.610891 1.3599
238000 0.754709 0.909271 1.63195
239000 0.636216 0.58465 1.17652
240000 0.821939 0.497162 1.49576
241000 0.661615 0.827413 1.3445
242000 0.602284 0.680635 1.1909
243000 0.64917 0.782438 1.02605
244000 0.586519 0.788444 1.20449
245000 0.611044 0.670528 1.25944
246000 0.693839 0.570381 1.34578
247000 0.548441 0.507418 1.54846
248000 0.734535 0.488572 1.56606
249000 0.644068 0.568039 1.58551
250000 0.582575 0.692812 1.12655
251000 0.564028 0.622551 1.32089
252000 0.52685 0.479552 1.45237
253000 0.913864 0.428745 1.64852
254000 0.41361 0.698072 1.14791
255000 0.514863 0.693286 1.08932
256000 0.513532 0.651651 1.09039
257000 0.693712 1.14189 0.899928
258000 0.728838 0.599144 1.27576
259000 0.643261 0.624931 1.22186
260000 0.636913 0.588065 1.20397
261000 0.440647 0.629151 1.02009
262000 0.646379 0.697872 1.0071
263000 0.582446 0.916932 0.870013
264000 0.64644 0.525539 1.43576
265000 0.545064 0.637163 1.36269
266000 0.727313 0.695198 1.30717
267000 0.521827 0.884498 1.032
268000 0.569039 0.882762 1.05516
269000 0.372179 0.658539 1.30926
270000 0.616645 0.492446 1.54403
271000 0.833165 0.545271 1.33238
272000 0.738801 0.718315 1.04833
273000 0.72788 0.537383 1.23058
274000 0.709065 0.637726 1.16698
275000 0.706325 0.851147 1.11907
276000 0.590414 0.696207 1.06026
277000 0.51409 0.599053 1.23838
278000 0.737987 0.50019 1.34444
279000 0.736261 0.665735 1.34387
280000 0.633923 0.576004 1.27756
281000 0.619323 0.78344 0.963586
282000 0.409318 0.41721 1.49591
283000 0.545176 0.630388 1.30283
284000 0.546898 0.672811 1.18797
285000 0.535821 0.721441 1.10707
286000 0.609993 0.780917 1.25801
287000 0.691521 0.604343 1.34729
288000 0.652465 0.692211 1.08723
289000 0.683861 0.709655 0.886679
290000 0.708915 0.559308 1.32664
291000 0.578202 0.685534 1.23693
292000 0.663033 0.70222 1.15236
293000 0.358126 0.680781 0.945839
294000 0.661283 0.844597 0.937672
295000 0.924363 0.693252 1.05343
296000 0.766013 0.779021 1.15
297000 0.5585 0.496277 1.28295
298000 0.504789 0.72605 1.03481
299000 0.772009 0.468396 1.19305
300000 0.678175 0.645231 1.15972
301000 0.743572 0.628749 1.27945
302000 0.734609 0.848789 1.21366
303000 0.514527 0.856899 1.21058
304000 0.43741 0.767444 0.953427
305000 0.681551 0.86961 1.2051
306000 0.494164 0.558501 1.18434
307000 0.737831 0.682374 1.17324
308000 0.698758 0.719912 0.985762
309000 0.58328 0.604028 1.09785
310000 0.732772 0.639578 1.02933
311000 0.508676 0.599129 1.20057
312000 0.581694 0.876213 0.994915
313000 0.459995 0.53258 1.22492
314000 0.614788 0.807152 0.819089
315000 0.72005 0.542082 1.08207
316000 0.545914 0.581877 1.40786
317000 0.54575 0.535549 1.17943
318000 0.703235 0.564542 1.27542
319000 0.505294 0.509859 1.45333
320000 0.57785 0.499372 1.33702
321000 0.48305 0.614809 1.25613
322000 0.624912 0.613061 1.35155
323000 0.655638 0.747228 0.966126
324000 0.746864 0.657183 1.20654
325000 0.595054 0.724846 0.932215
326000 0.588537 0.787943 0.835498
327000 0.541718 0.524229 1.29517
328000 0.638117 0.70816 1.19402
329000 0.674149 0.748828 0.951101
330000 0.711533 0.570205 1.20474
331000 0.804932 0.640653 1.11319
332000 0.621209 0.724072 1.03817
333000 0.540454 0.559888 1.21614
334000 0.539584 0.576469 1.24942
335000 0.591051 0.670694 1.13939
336000 0.698619 0.707679 1.12648
337000 0.573178 0.667382 1.06714
338000 0.729069 0.430707 1.68176
339000 0.69156 0.539891 1.08253
340000 0.618902 0.588093 0.958041
341000 0.697641 0.663314 0.940287
342000 0.696224 0.494721 1.23193
343000 0.483291 0.697883 1.19501
344000 0.730452 0.641177 1.08399
345000 0.564297 0.625887 1.21581
346000 0.661658 0.576607 1.10136
347000 0.584957 0.701624 1.13762
348000 0.653453 0.511476 1.31599
349000 0.770945 0.6288 1.03791
350000 0.606395 0.608714 1.08736
351000 0.533136 0.564442 1.27984
352000 0.696433 0.553446 1.04248
353000 0.575293 0.524011 1.2908
354000 0.543957 0.481523 1.2806
355000 0.652474 0.724518 1.17869
356000 0.646286 0.810571 0.841948
357000 0.568242 0.597207 0.964584
358000 0.611482 0.473614 1.33953
359000 0.501438 0.68892 1.14731
360000 0.727171 0.595733 0.958329
361000 0.733336 0.669637 1.10511
362000 0.501163 0.764142 0.856555
363000 0.528563 0.608331 1.28853
364000 0.571825 0.848783 0.809731
365000 0.581958 0.619632 1.03354
366000 0.538061 0.586683 1.28279
367000 0.735516 0.644965 1.24756
368000 0.695988 0.57463 1.01462
369000 0.501079 0.724044 1.00037
370000 0.521315 0.782178 1.01068
371000 0.438965 0.64101 0.893341
372000 0.687108 0.601234 0.98148
373000 0.682882 0.472467 1.24876
374000 0.7282 0.587794 1.05078
375000 0.602746 0.778171 0.973806
376000 0.506997 0.777324 0.905021
377000 0.68149 0.650369 1.1286
378000 0.497119 0.622445 0.91639
379000 0.784067 0.750687 1.01135
380000 0.581133 0.622996 1.0697
381000 0.655245 0.58452 1.16454
382000 0.540487 0.715121 1.02806
383000 0.506103 0.641999 1.15304
384000 0.791716 1.07128 0.779637
385000 0.647495 0.782645 0.919883
386000 0.537663 0.810895 0.867648
387000 0.600958 0.667903 1.0899
388000 0.563655 0.93038 0.942859
389000 0.366586 0.712565 0.93527
390000 0.519072 0.543578 1.13047
391000 0.69675 0.83609 0.892024
392000 0.658065 0.69924 0.980873
393000 0.709078 0.721851 0.988817
394000 0.525733 0.643559 0.969205
395000 0.558841 0.755746 1.06722
396000 0.56749 0.596579 1.04393
397000 0.519834 0.606495 1.0843
398000 0.691449 0.581266 1.18422
399000 0.655141 0.76842 1.05852
400000 0.589798 1.01263 0.674158
401000 0.653279 0.808277 1.00592
402000 0.6463 0.52102 1.26084
403000 0.556932 0.801193 1.11103
404000 0.660767 0.567035 1.29728
405000 0.578303 0.574862 1.24376
406000 0.541424 0.652728 1.04364
407000 0.564269 0.65348 0.969669
408000 0.681073 0.585626 1.08385
409000 0.674725 0.679535 0.956598
410000 0.509983 0.619213 1.03989
411000 0.524341 0.818832 0.852775
412000 0.728324 0.596477 1.00064
413000 0.688494 0.719718 1.01254
414000 0.530306 0.727707 0.884685
415000 0.586182 0.793986 1.02468
416000 0.71033 0.585955 1.17814
417000 0.625666 0.67465 1.07859
418000 0.467279 0.484792 1.21378
419000 0.774146 0.5386 1.06182
420000 0.520554 1.01061 0.756236
421000 0.523554 0.493955 1.28759
422000 0.553494 0.779498 0.933552
423000 0.717242 0.606746 1.03774
424000 0.631919 0.703492 1.25189
425000 0.64524 0.514131 1.17739
426000 0.571105 0.566993 1.08106
427000 0.530608 0.703232 0.942542
428000 0.586124 0.825084 0.940789
429000 0.458729 0.718567 1.10553
430000 0.476372 0.749166 0.95083
431000 0.716866 0.600976 1.30048
432000 0.440673 0.742385 0.892186
433000 0.719363 0.600719 1.32205
434000 0.755746 0.55283 1.11061
435000 0.725965 0.727079 0.964902
436000 0.60286 0.651379 1.13445
437000 0.556876 0.759701 0.84476
438000 0.427357 0.656596 0.985182
439000 0.652188 0.838786 0.89351
440000 0.631712 0.629768 1.10799
441000 0.65947 0.879094 0.942199
442000 0.612167 0.913857 0.769373
443000 0.648025 0.643252 1.101
444000 0.506368 0.569025 1.05393
445000 0.560709 0.571911 1.06607
446000 0.75517 0.619157 1.04925
447000 0.787034 0.773471 0.856548
448000 0.533233 0.69676 1.02173
449000 0.542057 0.709203 1.05095
450000 0.701342 0.828833 0.839737
451000 0.436162 0.708707 1.04831
452000 0.619057 0.687097 1.12611
453000 0.406714 0.616879 1.01914
454000 0.671144 0.958847 0.731266
455000 0.631139 0.561475 1.09226
456000 0.681997 0.512593 1.36604
457000 0.666198 0.704525 1.11214
458000 0.705222 0.701208 0.919744
459000 0.719479 0.365704 1.57794
460000 0.698326 0.755592 1.00803
461000 0.670864 0.868646 0.933337
462000 0.752598 0.689083 0.841031
463000 0.661732 0.622773 1.07038
464000 0.643714 0.640171 1.03749
465000 0.375046 0.558901 1.13146
466000 0.632455 0.836357 0.934536
467000 0.566713 0.698525 0.924574
468000 0.715641 0.696896 1.10176
469000 0.600279 0.635921 1.03927
470000 0.530981 0.692379 1.07413
471000 0.751933 0.626776 1.09242
472000 0.63785 0.686324 1.08946
473000 0.567008 0.541818 1.05416
474000 0.664717 0.838349 0.943754
475000 0.702709 0.743452 0.990753
476000 0.645687 0.688633 0.915407
477000 0.685873 0.59114 1.24346
478000 0.731058 0.718111 0.947989
479000 0.705516 0.747272 1.01526
480000 0.604357 0.600833 1.0866
481000 0.500878 0.859808 0.776306
482000 0.669326 0.70084 1.07629
483000 0.694878 0.72297 0.905097
484000 0.601031 0.627881 1.16711
485000 0.66772 0.758468 0.916118
486000 0.659745 0.855361 0.925381
487000 0.606507 0.829149 0.885246
488000 0.579037 0.523792 1.10033
489000 0.586669 0.573214 1.18771
490000 0.526254 0.609604 1.06424
491000 0.600932 0.871836 0.691131
492000 0.552053 0.608395 1.16163
493000 0.522832 0.807454 0.95773
494000 0.528067 0.586698 1.17223
495000 0.701781 0.699486 1.055
496000 0.74441 0.540711 1.16872
497000 0.730463 0.60503 1.06819
498000 0.743218 0.762273 0.90096
499000 0.765745 0.706353 1.16141
500000 0.710818 0.714124 0.886431
